1
2
60.00
30.00
40.00
1
3
90.00
50.00
60.00
1
4
50.00
25.00
30.00
1
5
250.00
120.00
150.00
1
6
90.00
45.00
55.00
1
7
80.00
40.00
50.00
1
8
70.00
35.00
45.00
1
9
150.00
75.00
90.00
1
10
160.00
80.00
95.00
2
1
60.00
30.00
40.00
2
3
77.00
40.00
50.00
2
4
60.00
30.00
40.00
2
5
220.00
110.00
140.00
2
6
85.00
42.50
55.00
2
7
75.00
37.50
50.00
2
8
65.00
32.50
45.00
2
9
140.00
70.00
90.00
2
10
150.00
75.00
95.00
3
1
90.00
45.00
60.00
3
2
77.00
40.00
50.00
3
4
89.00
45.00
60.00
3
5
290.00
145.00
180.00
3
6
75.00
37.50
50.00
3
7
65.00
32.50
45.00
3
8
55.00
27.50
35.00
3
9
130.00
65.00
85.00
3
10
140.00
70.00
90.00
4
1
50.00
25.00
30.00
4
2
60.00
30.00
40.00
4
3
89.00
45.00
60.00
4
5
210.00
105.00
130.00
4
6
80.00
40.00
50.00
4
7
70.00
35.00
45.00
4
8
60.00
30.00
40.00
4
9
120.00
60.00
75.00
4
10
130.00
65.00
85.00
5
1
250.00
125.00
160.00
5
2
220.00
110.00
140.00
5
3
290.00
145.00
180.00
5
4
210.00
105.00
130.00
5
6
230.00
115.00
150.00
5
7
220.00
110.00
140.00
5
8
210.00
105.00
130.00
5
9
300.00
150.00
200.00
5
10
310.00
155.00
205.00
6
1
90.00
45.00
55.00
6
2
85.00
42.50
55.00
6
3
75.00
37.50
50.00
6
4
80.00
40.00
50.00
6
5
230.00
115.00
150.00
6
7
70.00
35.00
45.00
6
8
60.00
30.00
40.00
6
9
140.00
70.00
90.00
6
10
150.00
75.00
95.00
7
1
80.00
40.00
50.00
7
2
75.00
37.50
50.00
7
3
65.00
32.50
45.00
7
4
70.00
35.00
45.00
7
5
220.00
110.00
140.00
7
6
70.00
35.00
45.00
7
8
50.00
25.00
30.00
7
9
130.00
65.00
85.00
7
10
140.00
70.00
90.00
8
1
70.00
35.00
45.00
8
2
65.00
32.50
45.00
8
3
55.00
27.50
35.00
8
4
60.00
30.00
40.00
8
5
210.00
105.00
130.00
8
6
60.00
30.00
40.00
8
7
50.00
25.00
30.00
8
9
120.00
60.00
75.00
8
10
130.00
65.00
85.00
9
1
150.00
75.00
90.00
9
2
140.00
70.00
90.00
9
3
130.00
65.00
85.00
9
4
120.00
60.00
75.00
9
5
300.00
150.00
200.00
9
6
140.00
70.00
90.00
9
7
130.00
65.00
85.00
9
8
120.00
60.00
75.00
9
10
100.00
50.00
65.00
10
1
160.00
80.00
95.00
10
2
150.00
75.00
95.00
10
3
140.00
70.00
90.00
10
4
130.00
65.00
85.00
10
5
310.00
155.00
205.00
10
6
150.00
75.00
95.00
10
7
140.00
70.00
90.00
10
8
130.00
65.00
85.00
10
9
100.00
50.00
65.00